line_number,content,category,character
1,{{任务,default,
2,|任务名称=紫府通谒，将军定策,default,
3,|任务地区=仙舟「罗浮」,default,
4,|任务类型=开拓任务,default,
5,|所属版本=1.0,default,
6,|任务描述=得知你们为星核而来，停云邀众人前往司辰宫通传来意。<br>仙舟之上，六司各掌其职。在这敏感时刻，你们若想在罗浮上自由行动，便须取得司掌航行与外交的天舶司长官，驭空的首肯。,default,
7,|奖励={{图标|里程|400}}{{图标|漫游指南|2}}{{图标|《云阵四合》|1}}{{图标|信用点|20000}},default,
8,|任务条件=完成[[行遏流云，身入魔阴]],default,
9,|开放等级=29,default,
10,|相关活动=,default,
11,|出场人物=三月七、瓦尔特、停云、驭空、景元、彦卿、符玄,default,
12,|相关成就=,default,
13,|相关道具=,default,
14,|相关书籍=,default,
15,|领取地点=,default,
16,|系列任务=乘槎驭风仙窟游,default,
17,|任务编号=03,default,
18,|前置任务=*[[行遏流云，身入魔阴]],default,
19,|后续任务=*[[旧影婆娑，追思错落]],default,
20,|任务流程=*前往司辰宫，谒见驭空,default,
21,*与瓦尔特商讨结论,default,
22,*与停云碰头,default,
23,*随停云前往浥尘客栈,default,
24,*与瓦尔特和三月七闲谈}},default,
25,==剧情内容==,default,
26,:{{颜色|描述|你们搭乘星槎来到了星槎海中枢…}},default,
27,*停云：那么，请允许小女子代表天舶司，欢迎各位恩公光临「星槎海」。,content,停云
28,*停云：「罗浮」仙舟上，举凡空域、航行和贸易事务，一应由位列六司的「天舶司」主掌。作为最大的港口，星槎海也在我们治下。,content,停云
29,*三月七：不愧是…呃，什么渡使，说起话来好有气场。,content,三月七
30,*停云：见笑了。我负责接渡来往的商客。这些文绉绉的场面话，我隔三差五要说一通的。,content,停云
31,*停云：总之，到这儿就安全了。本该带大家游览一番，让小女子尽尽地主之谊。但眼下非常时期，我们先走一趟司辰宫，向驭空大人禀报各位的来意。,content,停云
32,*三月七：司辰宫？,content,三月七
33,*停云：瞧见了没，城里最高的建筑。那儿就是天舶司的总部。事不宜迟，咱们快些去吧。,content,停云
34,{{剧情选项,default,
35,|选项1=你为啥这么着急？,option,开拓者
36,|选项2=我们歇一会再去。,option,开拓者
37,|选项3=让我们讨论一下。}},option,开拓者
38,*停云：哎呀，不是我着急，是怕驭空大人怪罪下来，小女子担不起这个责任……,content,停云
39,*三月七：这么可怕？你不是说她为人很和善嘛？,content,三月七
40,*瓦尔特：觐见六司，总得有些准备。停云小姐放心，我们不去他处。劳烦你先通报一声，我们稍后在司辰宫门口等候。,content,瓦尔特
41,*停云：…好吧。,content,停云
42,:{{颜色|描述|停云点头致意后离开了…}},default,
43,----,default,
44,*瓦尔特：那位狐狸姑娘做事节奏太快，我都难以适应，也许是闲得太久了…抓住这点时间好好喘口气吧，这会是我们唯一空闲的时光了。,content,瓦尔特
45,{{剧情选项,default,
46,|选项1=那个停云好像非常狡猾…,option,开拓者
47,|图标1=对话,default,
48,|剧情1=*瓦尔特：谈不上狡猾吧，她的考虑都以利己为第一出发点。,branch_content,瓦尔特
49,*瓦尔特：遇到身份不明的可疑人士，做好防范是明智之举；随后的赶路，只能说她畏惧担责，想尽快把我们这个麻烦丢到上级头上去吧。,content,瓦尔特
50,|选项2=那个驭空似乎不好对付…,option,开拓者
51,|图标2=对话,default,
52,|剧情2=*瓦尔特：又不是去对付她，放心。我们行事光明磊落，没有什么可怕的。,branch_content,瓦尔特
53,*三月七：在贝洛伯格我们也挺光明磊落的……}},content,三月七
54,{{剧情选项|选项1=好耶，逛街咯！}},default,
55,*瓦尔特：别急……,content,瓦尔特
56,*瓦尔特：先给两位打个预防针。接下来的谒见环节，务必打起精神，认真应对。,content,瓦尔特
57,*三月七：杨叔是担心这次面见仙舟的长官，我们会重蹈贝洛伯格的覆辙嘛…？,content,三月七
58,{{剧情选项,default,
59,|选项1=你是说，驭空就是幕后黑手！？,option,开拓者
60,|选项2=难不成仙舟也要在旅馆下手…}},option,开拓者
61,*瓦尔特：不会，仙舟联盟不至于如此失礼。但这位驭空接见我们时，一定会问出一连串问题——,content,瓦尔特
62,*瓦尔特：为什么我们选择这个时机来到仙舟？我们如何得知这场灾变与星核有关？什么人向我们透露仙舟的消息？……,content,瓦尔特
63,*瓦尔特：回答若有不慎，很可能换来戒备与敌意，行事也会倍加困难。,content,瓦尔特
64,*三月七：这可糟了，我和开拓者都是笨嘴笨舌，一不小心就说错话的类型……,content,三月七
65,{{剧情选项,default,
66,|选项1=你对我的误会可大了。,option,开拓者
67,|剧情1=*三月七：你瞧，我又说错话了吧。,branch_content,三月七
68,|选项2=话都让杨叔说。,option,开拓者
69,|剧情2=*三月七：好主意，咱们两个在旁边扮演氛围组，给杨叔加油助威。,branch_content,三月七
70,*瓦尔特：…不，还是要严肃点。,content,瓦尔特
71,|选项3=那要不咱们先对个供词？,option,开拓者
72,|剧情3=*三月七：们又没做亏心事，对什么供词呀！,branch_content,三月七
73,*瓦尔特：小三月说的不错。试图遮遮掩掩，只会让我们显得别有用心。,content,瓦尔特
74,|选项4=坦诚回答，如实相告。,option,开拓者
75,|剧情4=*三月七：那万一他们以为我们和星核猎手是一伙的怎么办？别说联盟了，我都不相信星核猎手……,branch_content,三月七
76,*瓦尔特：开拓者说的不错。试图遮遮掩掩，只会让我们显得别有用心。}},content,瓦尔特
77,*瓦尔特：车到山前必有路。你们不必为难，到时候由我来应答就行。,content,瓦尔特
78,{{角色对话|模板开始|停云|有话好好说，不要吵架~}},default,
79,{{角色对话|左|停云|文本|恩公，想请教一事}},default,
80,{{角色对话|右|开拓者|文本|怎么了？}},default,
81,{{角色对话|左|停云|文本|说来不敬，但我又十分好奇…}},default,
82,{{角色对话|左|停云|文本|列车抵达仙舟，该不会只是为了帮助罗浮解决星核带来的麻烦吧？}},default,
83,{{剧情选项,default,
84,|选项1=是啊，为什么呢？,option,开拓者
85,|剧情1={{角色对话|右|开拓者|文本|列车的来意这么难以理解吗？人就不能为了完成某些善举而行动？}},branch_content,
86,|选项2=总觉得你话里有话…,option,开拓者
87,|剧情2={{角色对话|右|开拓者|文本|列车的来意这么难以理解吗？人就不能为了完成某些善举而行动？}}}},branch_content,
88,{{角色对话|左|停云|文本|毕竟不计得失不问报酬，甘冒风险为他人奔走的人，在横跨银河的危险旅途里已经比真空中的空气更稀有了呀}},default,
89,{{角色对话|左|停云|文本|位高权重的仙舟大佬们乍听各位的来意，难免会觉得你们若不是为寻求长生，就是渴望星核…}},default,
90,{{剧情选项,default,
91,|选项1=寻求长生？,option,开拓者
92,|剧情1={{角色对话|右|开拓者|文本|追求长生，在仙舟是绝对禁止的事情吧}},branch_content,
93,{{角色对话|左|停云|文本|呀，仙舟作为长生种的家园，有无数来自星海各处的求药使们都想重演当年的旧事，找到仙舟人延续生命的秘密}},default,
94,|选项2=渴望星核？,option,开拓者
95,|剧情2={{角色对话|右|开拓者|文本|星核可是带来毁灭的种子，列车怎么会渴望星核？}},branch_content,
96,{{角色对话|左|停云|文本|但银河里并不是所有人都这么认为。作为星神散布的种子，有人渴望铤而走险，从中获得力量}}}},default,
97,{{角色对话|左|停云|文本|不知不觉说了么这么些话，小女子僭越了}},default,
98,{{角色对话|左|停云|文本|我绝对相信恩公的诚意，但位高权重的大人们却比我这样的小卒想得更多}},default,
99,{{角色对话|左|停云|文本|所以，请务必小心行事…}},default,
100,{{角色对话|模板结束}},default,
101,,default,
102,===前往司辰宫，谒见驭空===,default,
103,{{任务描述|得知你们为星核而来，停云邀众人前往司辰宫通传来意。<br>仙舟之上，六司各掌其职。在这敏感时刻，你们若想在罗浮上自由行动，便须取得司掌航行与外交的天舶司长官，驭空的首肯。|仙舟「罗浮」-星槎海中枢}},default,
104,*停云：咦？恩公们到得挺早啊。久等啦，驭空大人在司辰宫内恭候各位。,content,停云
105,*三月七：你不来吗？,content,三月七
106,*停云：小女子已经将各位的情况呈报了司舵大人，我就不进去啦~,content,停云
107,----,default,
108,*航务官：——是，大人。,content,航务官
109,*驭空：将损失数据呈报给景元将军，再把太卜司的人找来。这么大的乱子，他们岂能置身事外……,content,驭空
110,*驭空：「星穹列车」的客人，你们好。,content,驭空
111,*驭空：你们的来意，停云已经悉数向我禀报过了。本来我的职责并不包括接见旅客。,content,驭空
112,*驭空：但既然你们知道星核，又言明要帮助「罗浮」。那么于情于理，我都要给各位一个面对面的机会……,content,驭空
113,*驭空：亲口谢绝各位。,content,驭空
114,{{剧情选项,default,
115,|选项1=拒绝！？,option,开拓者
116,|选项2=为什么！,option,开拓者
117,|选项3=……}},option,开拓者
118,*驭空：区区星核而已，联盟早已知悉此物，自有办法应对。仙舟翾翔八千载，见惯了危急存亡。眼下的灾难虽来势汹汹，仙舟亦有余力自处，不需假借外人之力来平息祸端,content,驭空
119,*驭空：各位远到是客，断无理由卷入此事——我这么说，你们可明白？,content,驭空
120,*瓦尔特：从目前的状况来看，星核的影响尚未完全深入。,content,瓦尔特
121,*瓦尔特：如果能及时找到位置，对其进行遏制，无论是被侵蚀的空间，还是遭受侵染的人，都有复原的可能。,content,瓦尔特
122,*瓦尔特：我们曾经阻止过星核的灾难，这一次前来，也只是为了助各位一臂之力。,content,瓦尔特
123,*驭空：我已说得很清楚：这是仙舟联盟的内部事务，不劳星穹列车插手。为示尊重，我特意接见各位，传达最终的决定，不容更改。,content,驭空
124,*瓦尔特：可是——,content,瓦尔特
125,*三月七：算啦杨叔，联盟自己能搞定，咱们还费那个心干嘛。我们走就是了。,content,三月七
126,*驭空：不，你们走不得。,content,驭空
127,*三月七：…喂，这就有点过分了啊。,content,三月七
128,*驭空：「罗浮」上发现星核不过数日，星槎海全面封闭，无人离开——各位如何未卜先知，又怎么认定这一切与星核有关？,content,驭空
129,*驭空：我调取了星槎海的出入记录，在不久前，有人骇入系统，打开玉界门，指引一艘舰船入港，那就是你们：星穹列车……,content,驭空
130,*驭空：而骇入系统的人手段高明，甚至故意留下了一道印戳，仿佛挑衅——「银狼」，星核猎手的一员。,content,驭空
131,*驭空：对此，你们又作何解释？,content,驭空
132,{{剧情选项,default,
133,|选项1=……,option,开拓者
134,|选项2=是星核猎手委托我们来的！,option,开拓者
135,|选项3=此乃驱虎吞狼之计也！}},option,开拓者
136,*驭空：在上述疑团查清前，你们不得离开天舶司。,content,驭空
137,*？？？：驭空，别这么凶嘛，要是传出去，岂不让银河耻笑仙舟联盟不得待客之道？,content,
138,*驭空：景元将军——,content,驭空
139,*景元：星穹列车怎么可能和星核猎手同盟呢，他们可是死对头呀。,content,景元
140,*景元：打扰各位的会面，我是「罗浮」云骑将军：景元。,content,景元
141,*驭空：将军，这是罗浮的内部事务……,content,驭空
142,*景元：对，对，内部事务——我完全赞同驭空司舵的意见。,content,景元
143,*景元：很抱歉，列车团的各位。「罗浮」上确实有一颗星核，但我必须拒绝你们的好意：这是仙舟的问题，只能由我们自己解决。,content,景元
144,*景元：—但是来都来了，怎能让各位无功而返！虽然「星核」一事不能接受列车团的帮助，但我确实另有一事，非得拜托各位不可！请！,content,景元
145,*驭空：……,content,驭空
146,----,default,
147,*景元：星穹列车——在下闻名已久，心驰神往，今日得见，幸甚至哉！,content,景元
148,{{剧情选项,default,
149,|选项1=幸甚至哉！,option,开拓者
150,|选项2=歌以咏志！,option,开拓者
151,|选项3=…你真的是将军吗？}},option,开拓者
152,*瓦尔特：久仰将军大名，您有什么事要拜托我们？,content,瓦尔特
153,*景元：噢，那可是非各位莫属。数日前，我们抓住了一位擅闯仙舟重地的星核猎手，叫做「刃」。,content,景元
154,*景元：审讯刃的期间，太卜司——仙舟负责情报与信息推演的部门——截获了他潜藏在仙舟上的同党「卡芙卡」发出的通信。至于通讯对象嘛……,content,景元
155,{{剧情选项,default,
156,|选项1=是列车。,option,开拓者
157,|选项2=是谁？！,option,开拓者
158,|选项3=……}},option,开拓者
159,*瓦尔特：……,content,瓦尔特
160,*景元：各位与星核猎手之间的关系，我也略知一二。太卜司认为你们必是同党！我说不可能。星穹列车行事正派，见义勇为的美名诸界传扬，岂能与宵小之辈同流合污？,content,景元
161,*景元：因此这则通信，必是星核猎手祸水东引的毒计。,content,景元
162,{{剧情选项,default,
163,|选项1=没错，我们是被陷害的！,option,开拓者
164,|选项2=星核猎手也许更有深意…,option,开拓者
165,|选项3=……}},option,开拓者
166,*景元：「星核」之灾，仙舟确有解决法子。但平定灾患需要时间，需得投入云骑军主力方能成事。但这卡芙卡潜藏在仙舟上，终究是个祸患，不得不防。,content,景元
167,*景元：既然星核猎手故意将各位引来罗浮，你我正好顺水推舟。我以将军身份给予诸位在仙舟便宜行事的权限，将下落不明的卡芙卡引出，一举捉拿。,content,景元
168,*景元：如此，一来洗清各位被星核猎手泼上的污水，二来也好得知这猎手潜入仙舟的目的，又与爆发的星核有何关联。列车团的诸位，意下如何？,content,景元
169,*瓦尔特：…开拓者，你认为呢？,content,瓦尔特
170,{{剧情选项,default,
171,|选项1=不妨顺水推舟，也帮点忙。,option,开拓者
172,|剧情1=*景元：各位若能帮我捉住星核猎手，便是帮了仙舟一个大忙。,branch_content,景元
173,|选项2=但此行本意是「星核」。,option,开拓者
174,|剧情2=*景元：很遗憾，事关外交，我必得公事公办。但若能捉拿猎手，得知其投放星核的目的，亦是在「星核」一事上帮了大忙。,branch_content,景元
175,|选项3=我们也没得选。,option,开拓者
176,|剧情3=*景元：各位当然有的选。无情人遭拒，抽身离去便是。但你们依然心念帮助仙舟。}},branch_content,景元
177,*景元：君如以赤诚待我，「罗浮」理当报以赤诚。,content,景元
178,*瓦尔特：…好吧。,content,瓦尔特
179,*景元：妙极，一言为定。我这便下令，着驭空分享一切情报，拨出精锐人手，助各位展开搜捕。,content,景元
180,*景元：滞留仙舟期间，如有用得上天舶司和云骑军的地方，不用客气。,content,景元
181,:闲谈落定，瓦尔特暗暗对你比了个手势。你明白，下面是列车团自己的谈话时间。,default,
182,{{折叠|折叠=是|标题=额外对话（景元的留影）|内容=,default,
183,*景元：我知道你，开拓者对吧？…联盟对星穹列车也很关注呢。,content,景元
184,{{剧情选项,default,
185,|选项1=关于刃…,option,开拓者
186,|图标1=对话,default,
187,|剧情1=*景元：「刃」不仅被公司通缉，也是联盟在案的重犯。关于他的情报，恕我无法透露。,branch_content,景元
188,|选项2=关于卡芙卡…,option,开拓者
189,|图标2=对话,default,
190,|剧情2=*景元：已知的「星核猎手」有五人，首领艾利欧从不出面，大多数行动都是卡芙卡主使的。,branch_content,景元
191,*景元：若非太卜司捕捉到了加密通信，恐怕此人还能隐藏更久。,content,景元
192,|选项3=一旦抓住星核猎手…,option,开拓者
193,|图标3=对话,default,
194,|剧情3=*景元：一旦抓住星核猎手，就交给我们。,branch_content,景元
195,{{剧情选项,default,
196,|选项1=卡芙卡有控制他人的能力。,option,开拓者
197,|选项2=卡芙卡什么都不会说的。}},option,开拓者
198,*景元：嗯，寻常的手段许是不好使，不过，我们太卜司有独门的办法……,content,景元
199,*景元：…哈哈，别误会。仙舟不会虐待嫌犯，问讯情报也未必要倚靠暴力手段。,content,景元
200,*景元：总之，交给我们就好。所获的情报，我会毫无保留地同各位分享。}},content,景元
201,{{剧情选项|选项1=我没有别的问题了。}},default,
202,*景元：如果进展顺利，希望日后有时间与诸位聊聊星海间的见闻。我受俗务所困，已经多年没有出行远航了。,content,景元
203,*景元：列车久无消息，如今看到它再度驰骋星海，重回正轨，真是令人畅怀啊。,content,景元
204,*景元：我还有其他要事，不克久留，告辞了。}},content,景元
205,{{折叠|折叠=是|标题=额外对话（三月七）|内容=,default,
206,*三月七：开拓者觉得这个景元将军怎么样？,content,三月七
207,{{剧情选项,default,
208,|选项1=长得不错。,option,开拓者
209,|剧情1=*三月七：谁问你长相啦！虽然确实不错……,branch_content,三月七
210,*三月七：我觉得这个人比那个驭空好说话多了，要么说人家能当仙舟将军，她只能做个司舵呢？你看这待人接物，差距多大。,content,三月七
211,|选项2=可以信任。,option,开拓者
212,|剧情2=*三月七：我也觉得。这个人比那个驭空好说话多了，要么说人家能当仙舟将军，她只能做个司舵呢？你看这待人接物，差距多大。,branch_content,三月七
213,|选项3=有些可疑。,option,开拓者
214,|剧情3=*三月七：你好像看谁都有点可疑…是女生的第六感嘛？/是你想太多了吧。,branch_content,三月七
215,*三月七：我觉得这个人比那个驭空好说话多了，要么说人家能当仙舟将军，她只能做个司舵呢？你看这待人接物，差距多大。}},content,三月七
216,:{{颜色|描述|再次对话}},default,
217,*三月七：仙舟的将军亲自支持我们！这回可不会——等等，上次是不是也这样？要是他们安排咱们住店，可得小心！,content,三月七
218,}},default,
219,{{折叠|折叠=是|标题=额外对话（驭空）|内容=,default,
220,*驭空：既然将军有令，天舶司自当全力配合。星核猎手的调查就托付给各位了。星槎海各处设施的通行凭证，我会一并开具，方便你们行事。,content,驭空
221,*驭空：至于人手…各个空港目前正处于维护和修复中，人力捉襟见肘。我只能请停云暂代接引的职责，照顾各位在这段时间内的行程。}},content,驭空
222,,default,
223,===与瓦尔特商讨结论===,default,
224,{{任务描述|司辰宫中，满心以为会获得支持的你们却遭到了驭空的回绝。<br>星核降临仙舟，事涉隐秘众多，驭空不欲借外人之手解围。在你们无功而返的时刻，罗浮云骑军的将军景元现身定策。<br>这位言笑晏晏的将军看似胳膊肘向外拐，为你们大开方便之门，但心中隐然另有计较。|仙舟「罗浮」-星槎海中枢-司辰宫}},default,
225,*瓦尔特：这个景元…不简单哪。,content,瓦尔特
226,{{剧情选项,default,
227,|选项1=杨叔觉得有古怪？,option,开拓者
228,|剧情1=*瓦尔特：古怪倒也谈不上，只是总觉得哪里不大对劲。,branch_content,瓦尔特
229,*瓦尔特：……,content,瓦尔特
230,|选项2=这个景元有些可疑…,option,开拓者
231,|剧情2=*瓦尔特：哦？我想听听你的看法。,branch_content,瓦尔特
232,{{剧情选项,default,
233,|选项1=为何不让「我们」调查星核？,option,开拓者
234,|剧情1=*瓦尔特：他说这是仙舟内部事务，不容其他势力插手。理由确实站得住脚。,branch_content,瓦尔特
235,*瓦尔特：……,content,瓦尔特
236,|选项2=为何让「我们」搜捕卡芙卡？,option,开拓者
237,|剧情2=*瓦尔特：啊！对，没错，就是这里！违和感就出自这里……,branch_content,瓦尔特
238,|选项3=为何表现得这么亲切随和？,option,开拓者
239,|剧情3=*瓦尔特：先是驭空对我们横加打压，再是将军出场谈笑风生，一下就让我们对他起了好感。,branch_content,瓦尔特
240,*瓦尔特：……}},content,瓦尔特
241,|选项3=他不是站在我们这边吗？,option,开拓者
242,|剧情3=*瓦尔特：是这样没错，但总觉得哪里不大对劲。,branch_content,瓦尔特
243,*瓦尔特：……}},content,瓦尔特
244,*瓦尔特：我想到了！有一个奇怪的地方，非常微小——他刻意跳过了「刃」！,content,瓦尔特
245,*瓦尔特：既然云骑军抓住了星核猎手的成员，以此为线索追捕卡芙卡就行了。何必要请我们「引出」卡芙卡？,content,瓦尔特
246,*瓦尔特：仙舟既不愿让外人插手「星核」灾害，又为何在「星核猎手」一事上如此大度？,content,瓦尔特
247,{{剧情选项,default,
248,|选项1=难道刃不在他们手里？,option,开拓者
249,|选项2=关于星核，景元说了谎？,option,开拓者
250,|选项3=这是把我们当钓饵用呢…}},option,开拓者
251,*瓦尔特：对，我只能想到一个合理的解释：不论「刃」被捕一事是否属实，至少现在，「刃」很可能已经脱离了仙舟的掌控。,content,瓦尔特
252,*瓦尔特：因此，景元如果想钓出星核猎手，就只有我们这个与卡芙卡产生联系的诱饵。,content,瓦尔特
253,*瓦尔特：所以他才拐着弯地请我们帮忙——因为「刃」的逃脱不能让别人知道！,content,瓦尔特
254,*瓦尔特：想通了这一节，也许我们开始接近事件的核心了。,content,瓦尔特
255,{{折叠|折叠=是|标题=额外对话（瓦尔特）|内容=,default,
256,*瓦尔特：这个景元，他到底掌握了哪些信息，哪些又是故意隐藏起来的呢？}},content,瓦尔特
257,,default,
258,===与停云碰头===,default,
259,{{任务描述|司辰宫中，满心以为会获得支持的你们却遭到了驭空的回绝。<br>所幸云骑军将军景元现身定策。但他并未将搜索星核的重任交给你们，而是让你们找到行踪无定的卡芙卡。<br>出得司辰宫，你们暂得片刻休憩，而后，你们将开始猎手与猎物间的追逐。|仙舟「罗浮」-星槎海中枢}},default,
260,:{{颜色|描述|另一边，景元和彦卿在与符玄通话…}},default,
261,"*景元：太卜大人，我与他们的谈话你都听见了，有何看法？""",content,景元
262,*符玄：什么看法？「天道昭邈，人心幽微」，你要我给这几位卜一卦，占测来意吉凶么？,content,符玄
263,*景元：这倒不必，星穹列车与此事无干，这我十拿九稳。你我不必深究他们的来意，只要饵吞下，鱼钓出，也就够了。,content,景元
264,*符玄：这是我的提议吧，将军。,content,符玄
265,*景元：嗯，多得有符卿智珠在握，之后的事情，也全都仰仗你了。,content,景元
266,*符玄：哼，那你倒是早些退位啊。,content,符玄
267,*景元：还不是时候，万一有甚变数，我得在将军之位上承担罪责，可不能现在一走了之，陷符卿于不义呀。,content,景元
268,*符玄：你早将星核猎手交到我手里，眼下也没这烦恼。,content,符玄
269,*符玄：你到底在想什么啊？景元！该不会…难道是你故意把人放跑的？！,content,符玄
270,*景元：我？我又怎能像符卿一样未卜先知？云骑军看守不力，我有责任。,content,景元
271,*符玄：哼，我能理解。仙舟诸务繁杂，你难免精力不济。要不是有我在底下撑着……,content,符玄
272,*符玄：说来，下次「六御」议政，你该履行举荐我继任将军的诺言了吧……,content,符玄
273,*景元：嗯嗯嗯，好好好，知道了，我还有要事。之后就全拜托「天赋异禀」的符卿了。,content,景元
274,:{{颜色|描述|符玄的影像消失…}},default,
275,*景元：仙舟上的麻烦，桌案上的文牍，花坛里的杂草，唯有这三样东西是无论怎么努力也打扫不干净啊。,content,景元
276,*彦卿：将军，符太卜想接您的位置，路人皆知。,content,彦卿
277,*景元：她是很有能力啦，不过心智上还要再磨磨，什么时候磨去了直脾性，我大概会考虑退休吧。,content,景元
278,*彦卿：星核这事，说麻烦也不麻烦。人跑了，再抓回来就是。将军一声令下，我彦卿立刻替您排忧解难。,content,彦卿
279,*景元：我知你心急，想做些什么，并且做成些什么，但现在还不是时候。你欲得「剑首」之名，不可随意动手，尤其不可与重犯械斗。,content,景元
280,*彦卿：将军难道以为我会输给那个「刃」不成？,content,彦卿
281,*景元：我是要你耐下性子，彦卿。仙舟治平与剑术不同，徐徐图之，方能成势。何况这棋局中的暗手还没揭开呢……,content,景元
282,*景元：有一个疑团，只要它还没解开，这盘棋就只能僵持不动。那就是「星核」。,content,景元
283,*景元：它如何掩人耳目，绕过天舶司的核查与太卜司的推演，又被置于何处？,content,景元
284,*彦卿：我看，把两个星核猎手都抓回来送去符太卜那儿一审是最快的法子。,content,彦卿
285,*景元：这件事我已托了列车上的客人去做。不忙，之后大局底定，自有你的用武之地。,content,景元
286,*景元：你是我最信任的人，有些事，我只有交给你才放心。彦卿，有个差事……,content,景元
287,*景元：这孩子……,content,景元
288,*景元：是我不好，少年在家里待久了，难免要生出些事情来。「匣中久藏三尺水，何日可待试锋芒？」…呵呵……,content,景元
289,*景元：只怕这次要受的挫折，大过他的洋洋意气呵……,content,景元
290,----,default,
291,{{折叠|标题=短信：停云<br><small>有话好好说，不要吵架~</small>|内容=,content,短信
292,{{角色对话|左|停云|文本|看来各位和驭空大人还要聊上许久}},default,
293,{{角色对话|左|停云|文本|我先去散散心啦。若是聊完了，你们可以来港口边上找我}},default,
294,}},default,
295,*停云：唉，驭空大人把接待各位的任务又派给了我。,content,停云
296,*停云：看来小女子和恩公们的缘分不浅呢。,content,停云
297,*停云：天舶司订了「浥尘客栈」的上房。恩公们办完这里的事情，就请随我一起去旅店里喝杯茶，暂作歇息吧。,content,停云
298,{{剧情选项,default,
299,|选项1=真是辛苦你了…,option,开拓者
300,|剧情1=*停云：客气客气，各位下回见到驭空大人，替小女子美言几句便是最好的安慰了。我已经接受了我的劳碌命。,branch_content,停云
301,|选项2=你很不情愿啊…,option,开拓者
302,|剧情2=*停云：没有没有…各位下回见到驭空大人，替小女子美言几句便是最好的奖赏了。我已经接受了我的劳碌命。,branch_content,停云
303,|选项3=刚接见就住宿？又来一次？,option,开拓者
304,|剧情3=*瓦尔特：冷静，别有这么强的应激反应。}},branch_content,瓦尔特
305,,default,
306,===随停云前往浥尘客栈===,default,
307,*三月七：一看到旅馆招牌，倦意就止不住地涌上来了。,content,三月七
308,{{剧情选项,default,
309,|选项1=天还大亮着呢。,option,开拓者
310,|剧情1=*三月七：我们忙里忙外这么久，怎么天还亮着啊？在司辰宫里我都以为过去老半天了。,branch_content,三月七
311,|选项2=你哪回不是这样…,option,开拓者
312,|剧情2=*三月七：这回不一样！我可是随时紧绷着，观察情况准备开溜。}},branch_content,三月七
313,*三月七：不瞒你们说，刚才我看到那位驭空眉头一皱，差点以为周围要冲出一队全副武装的士兵，要把咱们几个押进大牢。,content,三月七
314,*三月七：和大人物打交道，可比对付怪物还累人……,content,三月七
315,*三月七：啊，我、我可不是在说驭空大人的坏话……,content,三月七
316,*停云：放心吧，小女子不是乱嚼舌根的人~,content,停云
317,*停云：不过身为属下，我要替大人说句公道话：眼下的罗浮危机四伏，驭空大人率领的天舶司肩负着仙舟关口的安全，警惕戒备是她的天职所在。,content,停云
318,*停云：私底下，她老人家也不是这么不近人情的啦。,content,停云
319,{{剧情选项,default,
320,|选项1=老人家？,option,开拓者
321,|选项2=也不是，这么，不近人情？}},option,开拓者
322,*停云：据说这位大人当年可是仙舟云骑军飞行士中的佼佼者呢～脾气火辣，技术一流，爱笑爱闹。,content,停云
323,*停云：只是嘛，岁月蹉跎，最终王牌飞行士还是收住脾气心性，成了总辖一司的首领，要滴水不漏地收拾各种麻烦。,content,停云
324,*停云：这不，驭空大人亲自吩咐我，为各位安排好浥尘客栈的上房以及日常花销用度，希望各位能在这里住得舒心，吃得开心~这样一来，仙舟也算是没有失了待客的礼数。,content,停云
325,*停云：同时她还吩咐，要是各位瞧见什么喜欢的，想吃的，跟老板说，全都记在天舶司的账上。,content,停云
326,{{剧情选项,default,
327,|选项1=还不快说声多谢驭空姐！,option,开拓者
328,|剧情1=*三月七：你先说！,branch_content,三月七
329,|选项2=「都记在天舶司的账上」！,option,开拓者
330,|剧情2=*三月七：真是我抵达仙舟以来听到的，最亲切的一句话了！}},branch_content,三月七
331,*三月七：咳咳，遇到这样热情好客的主人，不好好享受一下真对不起人家的一番心意啊。对吧，杨叔？,content,三月七
332,*瓦尔特：还是把注意力放在正事上吧。既然驭空司舵极力拒绝我们介入，想来天舶司对卡芙卡的下落多少有些头绪？,content,瓦尔特
333,*停云：恩公明察。嫌犯十分狡猾，除去加密频段外，通信的时间也卡得刚好，无法准确定位。,content,停云
334,*停云：不过嘛，还是给太卜司找到了一点蛛丝马迹。,content,停云
335,:{{颜色|描述|停云显示出卡芙卡的影像…}},default,
336,*卡芙卡：坐标在这里，一切交由你们自己决定。,content,卡芙卡
337,*卡芙卡：虽然追求的目标截然不同，但群星的轨道终将彼此交汇。再见。,content,卡芙卡
338,{{剧情选项,default,
339,|选项1=这话有什么特别的吗？,option,开拓者
340,|剧情1=*停云：恩公莫要被她的话引走了注意。,branch_content,停云
341,|选项2=坐标？轨道交汇？,option,开拓者
342,|剧情2=*停云：恩公莫要被她的话引走了注意。,branch_content,停云
343,|选项3=她说话时有什么声响。,option,开拓者
344,|剧情3=*停云：正是。}},branch_content,停云
345,*停云：话音的背后，是某种装置运转的声响。,content,停云
346,*三月七：啊，有了这线索，局势就——毫无变化！仙舟可是一艘星舰哎，机器装置到处都是！,content,三月七
347,*停云：三月小姐，对于大部分人来说，这种响动也许毫无区别。但对负责维护设施的工造司来说，每一种机械的运转都像曲子的旋律高低各有不同了。,content,停云
348,*停云：将军召来了匠人，在比对辨听之下，发现卡芙卡的背景音来自「迴星港」的造船设施。,content,停云
349,*停云：请各位稍事休息，养足精神。准备就绪便可出发擒贼，届时就看恩公们的手段啦~,content,停云
350,,default,
351,===与瓦尔特和三月七闲谈===,default,
352,{{任务描述|司辰宫中，满心以为会获得支持的你们却遭到了驭空的回绝。<br>所幸云骑军将军景元现身定策。但他并未将搜索星核的重任交给你们，而是让你们找到行踪无定的卡芙卡。<br>出得司辰宫，你们暂得片刻休憩，却不知此时此刻，丹恒正在做什么呢？|仙舟「罗浮」-星槎海中枢}},default,
353,{{折叠|折叠=是|标题=额外对话（停云）|内容=,default,
354,*停云：恩公何事？,content,停云
355,{{剧情选项,default,
356,|选项1=我想起一件事。,option,开拓者
357,|图标1=对话,default,
358,|剧情1=*停云：嗯？但问无妨。,branch_content,停云
359,{{剧情选项,default,
360,|选项1=截获通信时，仙舟上在下雨吗？,option,开拓者
361,|选项2=卡芙卡在通讯时拿着伞…}},option,开拓者
362,*停云：恩公观察得挺仔细嘛。仙舟上风云雨雾都是机巧造景，受地衡司风雨台的调遣。,content,停云
363,*停云：卡芙卡撑着伞，意味着通信时她所在的地方正巧被人工雨云覆盖。,content,停云
364,*停云：不过光有这一节也不能说明什么，毕竟仙舟上不止一处洞天，当时降雨的地方也不止一处。,content,停云
365,|选项2=卡芙卡还会停留在迴星港吗？,option,开拓者
366,|图标2=对话,default,
367,|剧情2=*停云：这可说不准。原本太卜司能调取每个洞天间的出入文牍来进行追踪……,branch_content,停云
368,*停云：不过眼下星核降临，一切都乱了套。有些洞天甚至连出入口都发生了错位。,content,停云
369,*停云：我若是星核猎手，这样的混乱正中下怀，虽说增加了趁乱逃脱的难度，但更不易被发现了。,content,停云
370,|选项3=没什么…,option,开拓者
371,}}}},default,
372,*瓦尔特：大家先休息片刻，追踪星核猎手卡芙卡，必然是一场硬仗。,content,瓦尔特
373,*三月七：对了，开拓者，咱们跟列车报个平安吧~,content,三月七
374,*三月七：尤其是丹恒，嘿嘿，你问他在干嘛，然后告诉他我们这儿可好玩了！,content,三月七
375,{{剧情选项,default,
376,|选项1=（发短信给丹恒）,option,开拓者
377,|剧情1={{折叠|标题=短信：丹恒<br><small>智库相关找我</small>|内容=,branch_content,短信
378,{{角色对话|右|开拓者|文本|嘿，在干嘛呢？}},default,
379,<center><small>信息发送失败</small></center>,default,
380,{{剧情选项,default,
381,|选项1=我和三月在为仙舟执行任务…,option,开拓者
382,|剧情1={{角色对话|右|开拓者|文本|我和三月在为仙舟执行任务…}},branch_content,
383,|选项2=你还好吗…？,option,开拓者
384,|剧情2={{角色对话|右|开拓者|文本|你还好吗…？}}}},branch_content,
385,<center><small>信息发送失败</small></center>,default,
386,}},default,
387,|选项2=（先等一等）,option,开拓者
388,|图标2=退出}},default,
